Time(s),Force_X,Force_Y(N),Force_Z
0.3859567642211914,0.00,0.00,0.00
2.4300456047058105,0.00,-0.00,-0.00
2.539926767349243,-0.00,-0.00,0.00
2.6519412994384766,-0.00,-0.00,0.01
2.7640202045440674,0.00,0.00,0.00
2.877279281616211,-0.00,0.00,-0.01
2.9889028072357178,0.00,-0.00,-0.01
3.434952735900879,0.00,-0.00,0.01
3.9961540699005127,0.00,0.00,-0.01
4.444437742233276,0.00,0.00,0.00
5.004495620727539,0.00,0.00,0.00
5.45121955871582,-0.00,-0.00,0.01
6.009531021118164,0.01,-0.00,-0.01
6.458451986312866,0.00,0.00,-0.01
6.906705617904663,0.00,-0.00,-0.00
7.4658637046813965,-0.01,0.00,-0.00
7.911530256271362,-0.01,-0.00,0.01
8.473339319229126,0.00,0.00,-0.00
8.918753385543823,0.01,-0.00,-0.00
9.48230504989624,-0.01,0.00,-0.00
9.928487539291382,-0.01,-0.00,0.00
10.486930131912231,0.01,-0.00,-0.01
10.935196161270142,0.01,0.00,0.00
11.493060827255249,-0.01,0.00,-0.01
11.941975116729736,-0.01,0.00,0.00
12.502079248428345,0.00,0.00,-0.00
12.949430465698242,0.01,0.00,-0.00
13.507300853729248,-0.00,-0.00,0.00
13.956212997436523,-0.00,0.00,-0.00
14.402534484863281,-0.00,-0.00,0.00
14.96345853805542,0.01,0.00,-0.01
15.409510374069214,0.01,-0.00,0.01
15.971293687820435,-0.01,-0.00,-0.00
16.416515350341797,-0.00,-0.00,0.01
16.978386402130127,0.01,0.00,-0.00
17.424171924591064,0.01,0.00,0.00
17.984696626663208,0.00,0.00,-0.01
18.43281841278076,0.00,-0.00,0.01
18.99087429046631,0.02,-0.01,0.01
19.442119121551514,0.02,-0.00,-0.00
19.998119831085205,0.01,-0.00,-0.01
20.44710683822632,0.00,0.00,-0.00
21.00509524345398,0.01,-0.00,0.00
21.45429515838623,0.01,0.00,-0.00
22.01236605644226,0.00,-0.00,-0.00
22.461297750473022,0.00,0.00,-0.02
22.907597064971924,0.01,-0.00,0.00
23.467623949050903,0.01,0.00,-0.00
23.914525270462036,0.00,-0.00,0.01
24.47610569000244,0.00,-0.00,-0.01
24.921891927719116,0.01,0.00,-0.01
25.48270297050476,0.00,0.00,-0.01
25.92916440963745,0.00,-0.00,0.01
26.489717721939087,0.01,-0.00,-0.01
26.937779426574707,0.01,-0.00,-0.01
27.498947381973267,0.00,-0.00,0.00
27.94502019882202,0.00,0.00,0.00
28.50395369529724,0.02,-0.00,-0.01
28.95200204849243,0.02,0.00,-0.00
29.511200666427612,0.01,-0.00,0.02
29.959304094314575,0.00,0.00,-0.00
30.405335903167725,0.00,-0.00,0.00
30.966254711151123,0.02,-0.00,-0.02
31.4143705368042,0.02,-0.00,0.01
31.974050521850586,0.00,0.00,-0.00
32.419607162475586,0.01,0.00,0.01
32.980801582336426,0.02,0.00,0.00
33.42941355705261,0.02,-0.00,0.00
33.98672890663147,0.00,-0.00,-0.01
34.43586349487305,0.00,-0.00,0.00
34.993935346603394,0.02,-0.00,-0.00
35.44286847114563,0.02,0.00,-0.01
36.00090575218201,0.01,-0.00,-0.01
36.45013165473938,0.00,0.00,-0.00
37.00810432434082,0.01,0.00,0.01
37.457030296325684,-0.00,0.00,0.00
37.90309262275696,0.00,-0.01,-0.00
38.46426725387573,-0.01,0.00,-0.03
38.91032266616821,0.00,-0.00,0.00
39.47165393829346,-0.01,-0.00,-0.01
39.91757416725159,-0.00,-0.00,0.01
40.478930711746216,-0.01,0.00,-0.02
40.92497515678406,0.00,0.00,0.00
41.48577570915222,0.00,0.00,0.01
41.933833360672,-0.00,-0.00,0.01
42.492758989334106,-0.00,-0.00,-0.01
42.93882203102112,0.01,0.00,-0.01
43.49890160560608,-0.00,-0.00,-0.00
43.94782519340515,-0.00,0.00,-0.01
44.50589299201965,0.01,-0.00,-0.00
44.955060720443726,0.01,0.00,-0.00
45.51519727706909,-0.00,-0.00,0.02
45.962108850479126,0.00,0.00,-0.00
46.408122301101685,-0.00,-0.00,0.00
48.23388481140137,0.00,-0.00,0.01
48.71865725517273,0.01,0.00,0.01
48.82327318191528,0.01,-0.00,-0.01
48.934760093688965,0.00,-0.00,-0.00
49.04677939414978,0.02,0.00,-0.02
49.49570393562317,0.02,-0.00,0.01
49.94280695915222,0.02,0.00,-0.01
50.502951860427856,0.00,0.00,0.00
50.94872713088989,0.01,-0.00,0.00
51.511850357055664,0.02,0.00,0.00
51.956024408340454,0.02,-0.00,0.00
52.40494155883789,0.02,0.00,-0.01
52.96541929244995,0.01,-0.00,-0.00
53.41104245185852,0.01,0.00,0.00
53.97023296356201,0.02,-0.00,0.01
54.41911005973816,0.02,0.00,-0.00
54.97758746147156,0.01,-0.00,0.00
55.42673945426941,0.01,0.00,-0.01
55.98873209953308,0.02,-0.00,0.00
56.43256616592407,0.02,-0.00,-0.00
56.99377703666687,0.01,-0.00,0.00
57.42625546455383,0.01,-0.00,-0.00
57.98481345176697,0.01,0.00,-0.02
58.43078017234802,0.01,-0.00,0.01
58.99212074279785,0.02,-0.00,-0.07
59.43773078918457,0.03,-0.01,-0.29
59.99891138076782,0.02,-0.03,-0.74
60.445008277893066,0.03,-0.03,-1.27
61.00598502159119,0.04,-0.04,-2.12
61.454147815704346,0.05,-0.04,-2.60
62.01316857337952,0.06,-0.05,-2.80
62.459208726882935,0.06,-0.04,-2.78
62.908164262771606,0.05,-0.04,-2.67
63.468244791030884,0.04,-0.04,-2.48
63.91429662704468,0.04,-0.04,-2.35
64.47592186927795,0.04,-0.04,-2.22
64.92200255393982,0.04,-0.03,-2.11
65.48249530792236,0.04,-0.03,-2.05
65.92923331260681,0.04,-0.03,-2.00
66.48978424072266,0.04,-0.03,-1.98
66.93584489822388,0.04,-0.04,-1.97
67.49699378013611,0.05,-0.03,-1.97
67.94279980659485,0.04,-0.03,-1.97
68.50396347045898,0.04,-0.03,-1.98
68.95008754730225,0.04,-0.03,-1.98
69.5109601020813,0.04,-0.03,-2.00
69.9570689201355,0.05,-0.03,-1.99
70.4061975479126,0.04,-0.03,-2.00
70.96430397033691,0.04,-0.03,-2.00
71.41235947608948,0.04,-0.03,-2.00
71.97391486167908,0.04,-0.03,-2.01
72.40333557128906,0.04,-0.03,-2.01
72.96467804908752,0.04,-0.03,-2.00
73.41057229042053,0.04,-0.03,-2.00
73.97190356254578,0.05,-0.03,-2.01
74.41782474517822,0.04,-0.03,-2.01
74.97930765151978,0.04,-0.03,-2.01
75.42739868164062,0.05,-0.03,-2.21
75.98368382453918,0.05,-0.04,-2.44
76.43282461166382,0.05,-0.04,-2.55
76.99090766906738,0.06,-0.03,-2.60
77.43989729881287,0.06,-0.04,-2.60
77.99794268608093,0.05,-0.04,-2.60
78.4471173286438,0.06,-0.04,-2.58
79.00533509254456,0.06,-0.04,-2.56
79.45333099365234,0.06,-0.03,-2.53
80.0134220123291,0.05,-0.04,-2.52
80.45937299728394,0.05,-0.04,-2.51
80.90834283828735,0.05,-0.04,-2.51
81.46667790412903,0.05,-0.03,-2.49
81.91370177268982,0.05,-0.03,-2.49
82.47269105911255,0.05,-0.03,-2.49
82.92186689376831,0.05,-0.04,-2.50
83.48325514793396,0.05,-0.04,-2.50
83.91277813911438,0.05,-0.04,-2.50
84.4494309425354,0.05,-0.03,-2.50
84.99797105789185,0.04,-0.03,-2.50
85.44794225692749,0.04,-0.03,-2.50
85.99024939537048,0.04,-0.04,-2.50
86.42094874382019,0.05,-0.03,-2.50
86.98106741905212,0.04,-0.03,-2.50
87.42759013175964,0.04,-0.03,-2.50
87.98635530471802,0.04,-0.03,-2.51
88.43638229370117,0.04,-0.03,-2.51
88.98668313026428,0.04,-0.04,-2.50
89.41047859191895,0.04,-0.03,-2.50
89.95138025283813,0.03,-0.03,-2.50
90.48065662384033,0.04,-0.03,-2.50
90.92773413658142,0.04,-0.03,-2.50
91.48552513122559,0.03,-0.03,-2.50
91.91880822181702,0.04,-0.03,-2.50
92.44726181030273,0.03,-0.03,-2.50
92.98887801170349,0.04,-0.03,-2.50
93.41896295547485,0.04,-0.03,-2.50
93.97387027740479,0.03,-0.03,-2.50
94.4125485420227,0.55,0.28,-2.45
94.95523595809937,0.83,0.51,-2.40
95.49740767478943,0.75,0.54,-2.28
95.94612431526184,0.67,0.55,-2.16
96.48730492591858,0.84,0.71,-2.21
96.9362735748291,1.16,0.92,-2.28
97.49544835090637,1.62,1.20,-2.88
97.92659521102905,1.08,0.72,-3.15
98.46283650398254,1.01,0.60,-2.70
98.99769330024719,1.01,0.55,-2.54
99.43012285232544,1.09,0.58,-2.46
99.96585416793823,1.37,0.72,-2.65
100.49994850158691,1.94,0.99,-2.82
100.93079876899719,1.03,0.51,-3.38
101.46811771392822,0.84,0.52,-3.06
101.90824770927429,0.82,0.52,-2.99
102.44899725914001,0.81,0.51,-2.97
102.99321293830872,0.81,0.51,-2.96
103.44122624397278,0.80,0.51,-2.97
104.02404379844666,0.81,0.51,-2.97
104.45678091049194,0.80,0.51,-2.99
105.00438594818115,0.80,0.51,-3.00
105.42210626602173,0.80,0.51,-3.00
