Time(s),X,Y,Z,Speed,
0.0010433197021484375,-100.0,-50.0,0.0,0.0
0.45667552947998047,-100.0,-50.0,0.0,0.0
0.9626250267028809,-100.0,-50.0,0.0,0.0
1.4716660976409912,-100.0,-50.0,0.0,0.0
1.9784059524536133,-100.0,-50.0,0.0,0.0
2.4860339164733887,-100.0,-50.0,0.0,0.0
2.994457721710205,-100.0,-50.0,0.0,0.0
3.4503984451293945,-100.0,-50.0,0.0,0.0
3.9570350646972656,-100.0,-50.0,0.0,0.0
4.465864181518555,-100.0,-50.0,0.0,0.0
4.974736213684082,-100.0,-50.0,0.0,0.0
5.485571384429932,-102.23000000000002,-51.120000000000005,0.0,499.9999809265137
5.994460105895996,-105.57000000000005,-52.78999999999999,0.0,499.9999809265137
6.450453042984009,-108.92000000000007,-54.46000000000001,0.0,499.9999809265137
6.9596779346466064,-112.29000000000008,-56.139999999999986,0.0,499.9999809265137
7.470702886581421,-116.75,-58.379999999999995,0.0,499.9999809265137
7.980639219284058,-120.11000000000001,-60.06,0.0,499.9999809265137
8.499354839324951,-124.59000000000003,-62.29999999999998,0.0,499.9999809265137
8.957190752029419,-127.98000000000002,-63.98999999999998,0.0,499.9999809265137
9.468831300735474,-131.31000000000006,-65.65,0.0,499.9999809265137
9.980201959609985,-135.7800000000001,-67.88999999999999,0.0,499.9999809265137
10.48755168914795,-139.1500000000001,-69.57000000000002,0.0,499.9999809265137
10.997827053070068,-142.49,-71.23999999999998,0.0,499.9999809265137
11.453736305236816,-145.85000000000002,-72.91999999999999,0.0,499.9999809265137
11.96083950996399,-149.82000000000005,-74.91,0.0,91.55589580535889
12.467941284179688,-150.0,-74.99999999999997,0.0,0.0
12.975161075592041,-150.0,-74.99999999999997,0.0,0.0
13.481406688690186,-150.0,-74.99999999999997,0.0,0.0
13.98813533782959,-150.0,-74.99999999999997,0.0,0.0
14.494412899017334,-150.0,-74.99999999999997,0.0,0.0
14.953234672546387,-150.0,-74.99999999999997,0.0,0.0
15.461333990097046,-150.0,-74.99999999999997,0.0,0.0
15.969006299972534,-150.0,-74.99999999999997,0.0,0.0
16.477866411209106,-150.0,-74.99999999999997,0.0,0.0
16.98463726043701,-150.0,-74.99999999999997,0.0,0.0
17.491310119628906,-150.0,-74.99999999999997,0.0,0.0
17.95040726661682,-150.0,-74.99999999999997,0.0,0.0
18.4579017162323,-150.0,-74.99999999999997,0.0,0.0
18.96531391143799,-150.0,-74.99999999999997,0.0,0.0
19.474303245544434,-150.0,-74.99999999999997,0.0,0.0
19.981874465942383,-150.0,-74.99999999999997,0.0,0.0
20.489741802215576,-150.0,-74.99999999999997,0.0,0.0
20.99733018875122,-150.0,-74.99999999999997,0.0,0.0
21.453261137008667,-150.0,-74.99999999999997,0.0,0.0
21.958973169326782,-150.0,-74.99999999999997,0.0,0.0
22.4708468914032,-150.0,-74.99999999999997,0.0,0.0
22.977163314819336,-150.0,-74.99999999999997,0.0,0.0
23.4844970703125,-150.0,-74.99999999999997,0.0,0.0
23.991968870162964,-150.0,-74.99999999999997,0.0,0.0
24.449695348739624,-150.0,-74.99999999999997,0.0,0.0
24.95739984512329,-150.0,-74.99999999999997,0.0,0.0
25.465118408203125,-150.0,-74.99999999999997,0.0,0.0
25.973650455474854,-150.0,-74.99999999999997,0.0,0.0
26.486987829208374,-150.0,-74.99999999999997,0.0,0.0
26.993982791900635,-150.0,-74.99999999999997,0.0,0.0
27.451990365982056,-150.0,-74.99999999999997,0.0,0.0
27.95900011062622,-150.0,-74.99999999999997,0.0,0.0
28.470529794692993,nan,nan,nan,nan
28.53058934211731,nan,nan,nan,nan
29.764347076416016,nan,nan,nan,nan
29.99022936820984,nan,nan,nan,nan
30.49309015274048,nan,nan,nan,nan
30.999873638153076,nan,nan,nan,nan
31.451916694641113,nan,nan,nan,nan
31.959049224853516,nan,nan,nan,nan
32.46209764480591,nan,nan,nan,nan
32.96873497962952,nan,nan,nan,nan
33.47465515136719,nan,nan,nan,nan
33.981743574142456,nan,nan,nan,nan
34.48871946334839,nan,nan,nan,nan
34.99568510055542,nan,nan,nan,nan
35.445215940475464,nan,nan,nan,nan
35.95225405693054,nan,nan,nan,nan
36.459208726882935,nan,nan,nan,nan
36.96620225906372,nan,nan,nan,nan
37.47316908836365,nan,nan,nan,nan
37.98013114929199,nan,nan,nan,nan
38.48720169067383,nan,nan,nan,nan
38.99412393569946,nan,nan,nan,nan
39.44476127624512,nan,nan,nan,nan
39.951645851135254,nan,nan,nan,nan
40.458579540252686,nan,nan,nan,nan
40.96556901931763,nan,nan,nan,nan
41.47253775596619,nan,nan,nan,nan
41.97957968711853,nan,nan,nan,nan
42.485357999801636,nan,nan,nan,nan
42.992308139801025,nan,nan,nan,nan
43.499186754226685,nan,nan,nan,nan
43.94979166984558,nan,nan,nan,nan
44.45672369003296,nan,nan,nan,nan
44.963725328445435,nan,nan,nan,nan
45.47070646286011,nan,nan,nan,nan
45.978150844573975,nan,nan,nan,nan
46.48488974571228,nan,nan,nan,nan
46.99181079864502,nan,nan,nan,nan
47.49877381324768,nan,nan,nan,nan
47.949398040771484,nan,nan,nan,nan
48.455241680145264,nan,nan,nan,nan
48.9622015953064,nan,nan,nan,nan
49.469156980514526,nan,nan,nan,nan
49.97618293762207,nan,nan,nan,nan
50.48305559158325,nan,nan,nan,nan
50.989996910095215,nan,nan,nan,nan
51.4968695640564,nan,nan,nan,nan
51.94748830795288,nan,nan,nan,nan
52.45435690879822,nan,nan,nan,nan
52.961299419403076,nan,nan,nan,nan
53.468165159225464,nan,nan,nan,nan
53.97399425506592,nan,nan,nan,nan
54.48086667060852,nan,nan,nan,nan
54.98787474632263,nan,nan,nan,nan
55.4947624206543,nan,nan,nan,nan
55.945292949676514,nan,nan,nan,nan
56.45218229293823,nan,nan,nan,nan
56.9590106010437,nan,nan,nan,nan
57.465996742248535,nan,nan,nan,nan
57.97181463241577,nan,nan,nan,nan
58.478798627853394,nan,nan,nan,nan
58.98564410209656,nan,nan,nan,nan
59.4925594329834,nan,nan,nan,nan
59.9995653629303,nan,nan,nan,nan
60.449122190475464,nan,nan,nan,nan
60.95599579811096,nan,nan,nan,nan
61.461792945861816,nan,nan,nan,nan
61.96760654449463,nan,nan,nan,nan
62.47455668449402,nan,nan,nan,nan
62.980395793914795,nan,nan,nan,nan
63.48726511001587,nan,nan,nan,nan
63.994128465652466,nan,nan,nan,nan
64.44482660293579,nan,nan,nan,nan
64.9517343044281,nan,nan,nan,nan
65.45864152908325,nan,nan,nan,nan
65.965505361557,nan,nan,nan,nan
66.47249484062195,nan,nan,nan,nan
66.97940230369568,nan,nan,nan,nan
67.48630237579346,nan,nan,nan,nan
67.9932153224945,nan,nan,nan,nan
68.44377398490906,nan,nan,nan,nan
68.94956803321838,nan,nan,nan,nan
69.45645546913147,nan,nan,nan,nan
69.96337461471558,nan,nan,nan,nan
70.46922445297241,nan,nan,nan,nan
70.9761106967926,nan,nan,nan,nan
71.48185706138611,nan,nan,nan,nan
71.99089694023132,nan,nan,nan,nan
72.49825119972229,nan,nan,nan,nan
72.94921493530273,nan,nan,nan,nan
73.4578685760498,nan,nan,nan,nan
73.96231126785278,nan,nan,nan,nan
74.47014546394348,nan,nan,nan,nan
74.97884106636047,nan,nan,nan,nan
75.48777675628662,nan,nan,nan,nan
75.99419403076172,nan,nan,nan,nan
76.44470119476318,nan,nan,nan,nan
76.95267057418823,nan,nan,nan,nan
77.45580983161926,nan,nan,nan,nan
77.96348261833191,nan,nan,nan,nan
78.47124290466309,nan,nan,nan,nan
78.9791488647461,nan,nan,nan,nan
79.48587346076965,nan,nan,nan,nan
79.98960614204407,nan,nan,nan,nan
80.4984278678894,nan,nan,nan,nan
80.94841718673706,nan,nan,nan,nan
81.45698595046997,nan,nan,nan,nan
81.96502375602722,nan,nan,nan,nan
82.47416663169861,nan,nan,nan,nan
82.98041033744812,nan,nan,nan,nan
83.48729038238525,nan,nan,nan,nan
83.99453210830688,nan,nan,nan,nan
84.44516110420227,nan,nan,nan,nan
84.95269727706909,nan,nan,nan,nan
85.45893573760986,nan,nan,nan,nan
85.96616697311401,nan,nan,nan,nan
86.47372508049011,nan,nan,nan,nan
86.98059821128845,nan,nan,nan,nan
87.48761534690857,nan,nan,nan,nan
87.99545574188232,nan,nan,nan,nan
88.49957871437073,nan,nan,nan,nan
88.95073175430298,nan,nan,nan,nan
89.45743417739868,nan,nan,nan,nan
89.9628574848175,nan,nan,nan,nan
90.47117924690247,nan,nan,nan,nan
90.97660565376282,nan,nan,nan,nan
91.4815456867218,nan,nan,nan,nan
91.98962640762329,nan,nan,nan,nan
92.49684643745422,nan,nan,nan,nan
92.94972705841064,nan,nan,nan,nan
93.4569799900055,nan,nan,nan,nan
93.96452045440674,nan,nan,nan,nan
94.47237014770508,nan,nan,nan,nan
94.97597217559814,nan,nan,nan,nan
95.48388195037842,nan,nan,nan,nan
95.99136328697205,nan,nan,nan,nan
96.49855542182922,nan,nan,nan,nan
96.94906854629517,nan,nan,nan,nan
97.45467710494995,nan,nan,nan,nan
97.9592113494873,nan,nan,nan,nan
98.4683768749237,nan,nan,nan,nan
98.97655630111694,nan,nan,nan,nan
99.48408722877502,nan,nan,nan,nan
99.99223613739014,nan,nan,nan,nan
100.49842643737793,nan,nan,nan,nan
100.94589686393738,nan,nan,nan,nan
101.45241594314575,nan,nan,nan,nan
101.95829463005066,nan,nan,nan,nan
102.46690535545349,nan,nan,nan,nan
102.97382116317749,nan,nan,nan,nan
103.48158431053162,nan,nan,nan,nan
103.99013614654541,nan,nan,nan,nan
104.49625754356384,nan,nan,nan,nan
104.94739556312561,nan,nan,nan,nan
105.45627951622009,nan,nan,nan,nan
105.9639081954956,nan,nan,nan,nan
106.4708399772644,nan,nan,nan,nan
106.97533082962036,nan,nan,nan,nan
107.48396372795105,nan,nan,nan,nan
107.9879424571991,nan,nan,nan,nan
108.49362134933472,nan,nan,nan,nan
108.9434597492218,nan,nan,nan,nan
109.45006370544434,nan,nan,nan,nan
109.95458221435547,nan,nan,nan,nan
110.46200966835022,nan,nan,nan,nan
110.96769976615906,nan,nan,nan,nan
111.47196459770203,nan,nan,nan,nan
111.97930908203125,nan,nan,nan,nan
112.4829261302948,nan,nan,nan,nan
112.99014067649841,nan,nan,nan,nan
113.49894618988037,nan,nan,nan,nan
113.9501588344574,nan,nan,nan,nan
114.4610800743103,nan,nan,nan,nan
114.96885704994202,nan,nan,nan,nan
115.48068523406982,nan,nan,nan,nan
115.98633146286011,nan,nan,nan,nan
116.49373388290405,nan,nan,nan,nan
116.94451141357422,nan,nan,nan,nan
117.449627161026,nan,nan,nan,nan
117.9575707912445,nan,nan,nan,nan
118.4649019241333,nan,nan,nan,nan
118.97185564041138,nan,nan,nan,nan
119.48408341407776,nan,nan,nan,nan
119.99185800552368,nan,nan,nan,nan
120.44390773773193,nan,nan,nan,nan
120.95124363899231,nan,nan,nan,nan
121.45848989486694,nan,nan,nan,nan
121.96588897705078,nan,nan,nan,nan
122.47205638885498,nan,nan,nan,nan
122.97918033599854,nan,nan,nan,nan
123.48591089248657,nan,nan,nan,nan
123.99387407302856,nan,nan,nan,nan
124.44421815872192,nan,nan,nan,nan
124.94712591171265,nan,nan,nan,nan
125.45385718345642,nan,nan,nan,nan
125.96093392372131,nan,nan,nan,nan
126.46790885925293,nan,nan,nan,nan
126.97520112991333,nan,nan,nan,nan
127.48218941688538,nan,nan,nan,nan
127.9891414642334,nan,nan,nan,nan
128.49939942359924,nan,nan,nan,nan
128.95280480384827,nan,nan,nan,nan
129.4602870941162,nan,nan,nan,nan
129.96784734725952,nan,nan,nan,nan
130.47402501106262,nan,nan,nan,nan
130.98728895187378,nan,nan,nan,nan
131.49584364891052,nan,nan,nan,nan
131.9458510875702,nan,nan,nan,nan
132.45119500160217,nan,nan,nan,nan
132.95830988883972,nan,nan,nan,nan
133.46642589569092,nan,nan,nan,nan
133.97087740898132,nan,nan,nan,nan
134.4749927520752,nan,nan,nan,nan
134.982186794281,nan,nan,nan,nan
135.49032831192017,nan,nan,nan,nan
135.9954161643982,nan,nan,nan,nan
136.4472360610962,nan,nan,nan,nan
136.9555037021637,nan,nan,nan,nan
137.46298599243164,nan,nan,nan,nan
137.97180938720703,nan,nan,nan,nan
138.47868418693542,nan,nan,nan,nan
138.98630452156067,nan,nan,nan,nan
139.49547362327576,nan,nan,nan,nan
139.94772696495056,nan,nan,nan,nan
140.45479774475098,nan,nan,nan,nan
140.9622585773468,nan,nan,nan,nan
141.46736025810242,nan,nan,nan,nan
141.97282910346985,nan,nan,nan,nan
142.48091530799866,nan,nan,nan,nan
142.9897060394287,nan,nan,nan,nan
143.49817276000977,nan,nan,nan,nan
143.9482228755951,nan,nan,nan,nan
144.4558985233307,nan,nan,nan,nan
144.96136021614075,nan,nan,nan,nan
145.46778869628906,nan,nan,nan,nan
145.97584104537964,nan,nan,nan,nan
146.4833483695984,nan,nan,nan,nan
146.98940658569336,nan,nan,nan,nan
147.49459743499756,nan,nan,nan,nan
147.94658708572388,nan,nan,nan,nan
148.4553723335266,nan,nan,nan,nan
148.96235394477844,nan,nan,nan,nan
149.47018480300903,nan,nan,nan,nan
149.97821021080017,nan,nan,nan,nan
150.48578429222107,nan,nan,nan,nan
150.99393486976624,nan,nan,nan,nan
151.4441146850586,nan,nan,nan,nan
151.95260643959045,nan,nan,nan,nan
152.4610493183136,nan,nan,nan,nan
152.96857213974,nan,nan,nan,nan
153.47602367401123,nan,nan,nan,nan
153.98251938819885,nan,nan,nan,nan
154.49010014533997,nan,nan,nan,nan
154.99849820137024,nan,nan,nan,nan
155.44975018501282,nan,nan,nan,nan
155.9595000743866,nan,nan,nan,nan
156.4660747051239,nan,nan,nan,nan
156.9732449054718,nan,nan,nan,nan
157.48038506507874,nan,nan,nan,nan
157.98886942863464,nan,nan,nan,nan
158.49310636520386,nan,nan,nan,nan
158.99734497070312,nan,nan,nan,nan
159.44718742370605,nan,nan,nan,nan
159.95355129241943,nan,nan,nan,nan
160.46105575561523,nan,nan,nan,nan
160.9674277305603,nan,nan,nan,nan
161.4735426902771,nan,nan,nan,nan
161.98025751113892,nan,nan,nan,nan
162.48703980445862,nan,nan,nan,nan
162.9948616027832,nan,nan,nan,nan
163.44474005699158,nan,nan,nan,nan
163.95190834999084,nan,nan,nan,nan
164.45780682563782,nan,nan,nan,nan
164.96482586860657,nan,nan,nan,nan
165.47201895713806,nan,nan,nan,nan
165.97720551490784,nan,nan,nan,nan
166.48244428634644,nan,nan,nan,nan
166.98937010765076,nan,nan,nan,nan
167.49477076530457,nan,nan,nan,nan
167.94389653205872,nan,nan,nan,nan
168.44962692260742,nan,nan,nan,nan
168.95612382888794,nan,nan,nan,nan
169.46348237991333,nan,nan,nan,nan
169.96917605400085,nan,nan,nan,nan
170.47673916816711,nan,nan,nan,nan
170.9808030128479,nan,nan,nan,nan
171.48870706558228,nan,nan,nan,nan
171.9956512451172,nan,nan,nan,nan
172.44408106803894,nan,nan,nan,nan
172.9497561454773,nan,nan,nan,nan
173.45888233184814,nan,nan,nan,nan
173.96578359603882,nan,nan,nan,nan
174.47538042068481,nan,nan,nan,nan
174.9811623096466,nan,nan,nan,nan
175.48657822608948,nan,nan,nan,nan
175.9944248199463,nan,nan,nan,nan
176.44633626937866,nan,nan,nan,nan
176.9546298980713,nan,nan,nan,nan
177.46001410484314,nan,nan,nan,nan
177.96506881713867,nan,nan,nan,nan
178.47221398353577,nan,nan,nan,nan
178.97816705703735,nan,nan,nan,nan
179.4851381778717,nan,nan,nan,nan
179.99232149124146,nan,nan,nan,nan
180.4993360042572,nan,nan,nan,nan
180.94987416267395,nan,nan,nan,nan
181.4568886756897,nan,nan,nan,nan
181.962708234787,nan,nan,nan,nan
182.46868515014648,nan,nan,nan,nan
182.97561192512512,nan,nan,nan,nan
183.48276567459106,nan,nan,nan,nan
183.98762822151184,nan,nan,nan,nan
184.49456095695496,nan,nan,nan,nan
184.94435739517212,nan,nan,nan,nan
185.45313143730164,nan,nan,nan,nan
185.96234011650085,nan,nan,nan,nan
186.46909356117249,nan,nan,nan,nan
186.97622561454773,nan,nan,nan,nan
187.4838740825653,nan,nan,nan,nan
187.9915406703949,nan,nan,nan,nan
188.44390678405762,nan,nan,nan,nan
188.95161819458008,nan,nan,nan,nan
189.46085119247437,nan,nan,nan,nan
189.97004103660583,nan,nan,nan,nan
190.47707223892212,nan,nan,nan,nan
190.9841024875641,nan,nan,nan,nan
191.4922318458557,nan,nan,nan,nan
191.9991054534912,nan,nan,nan,nan
192.45047068595886,nan,nan,nan,nan
192.9571352005005,nan,nan,nan,nan
193.461829662323,nan,nan,nan,nan
193.96866917610168,nan,nan,nan,nan
194.47872734069824,nan,nan,nan,nan
194.98801827430725,nan,nan,nan,nan
195.49673748016357,nan,nan,nan,nan
195.9444932937622,nan,nan,nan,nan
196.44879531860352,nan,nan,nan,nan
196.9547414779663,nan,nan,nan,nan
197.4619481563568,nan,nan,nan,nan
197.9688549041748,nan,nan,nan,nan
198.47650909423828,nan,nan,nan,nan
198.9839644432068,nan,nan,nan,nan
199.48650646209717,nan,nan,nan,nan
199.9928150177002,nan,nan,nan,nan
200.49987077713013,nan,nan,nan,nan
200.95045638084412,nan,nan,nan,nan
201.45736837387085,nan,nan,nan,nan
201.9642674922943,nan,nan,nan,nan
202.47137546539307,nan,nan,nan,nan
202.97838377952576,nan,nan,nan,nan
203.48422837257385,nan,nan,nan,nan
203.9908266067505,nan,nan,nan,nan
204.4978849887848,nan,nan,nan,nan
204.94823026657104,nan,nan,nan,nan
205.45424509048462,nan,nan,nan,nan
205.96056532859802,nan,nan,nan,nan
206.4677028656006,nan,nan,nan,nan
206.9733829498291,nan,nan,nan,nan
207.4811155796051,nan,nan,nan,nan
207.98990941047668,nan,nan,nan,nan
208.49719834327698,nan,nan,nan,nan
208.9478359222412,nan,nan,nan,nan
209.45191550254822,nan,nan,nan,nan
209.96064829826355,nan,nan,nan,nan
210.46468591690063,nan,nan,nan,nan
210.97018384933472,nan,nan,nan,nan
211.47930884361267,nan,nan,nan,nan
211.98726177215576,nan,nan,nan,nan
212.49477553367615,nan,nan,nan,nan
212.94503688812256,nan,nan,nan,nan
213.45097541809082,nan,nan,nan,nan
213.95797514915466,nan,nan,nan,nan
214.46444511413574,nan,nan,nan,nan
214.97149920463562,nan,nan,nan,nan
215.47845816612244,nan,nan,nan,nan
215.98433899879456,nan,nan,nan,nan
216.4890959262848,nan,nan,nan,nan
216.99605298042297,nan,nan,nan,nan
217.4467179775238,nan,nan,nan,nan
217.95369720458984,nan,nan,nan,nan
218.4606511592865,nan,nan,nan,nan
218.96784353256226,nan,nan,nan,nan
219.47479820251465,nan,nan,nan,nan
219.98179531097412,nan,nan,nan,nan
220.48935532569885,nan,nan,nan,nan
220.99644207954407,nan,nan,nan,nan
221.44718742370605,nan,nan,nan,nan
221.95423436164856,nan,nan,nan,nan
222.46127009391785,nan,nan,nan,nan
222.96831464767456,nan,nan,nan,nan
223.47534489631653,nan,nan,nan,nan
223.98236107826233,nan,nan,nan,nan
224.4894998073578,nan,nan,nan,nan
224.99646139144897,nan,nan,nan,nan
225.4471971988678,nan,nan,nan,nan
225.95854449272156,nan,nan,nan,nan
226.4654974937439,nan,nan,nan,nan
226.97251868247986,nan,nan,nan,nan
227.47841119766235,nan,nan,nan,nan
227.98529291152954,nan,nan,nan,nan
228.49228811264038,nan,nan,nan,nan
228.99924731254578,nan,nan,nan,nan
229.44997382164001,nan,nan,nan,nan
229.95583748817444,nan,nan,nan,nan
230.46285367012024,nan,nan,nan,nan
230.9687077999115,nan,nan,nan,nan
231.4757058620453,nan,nan,nan,nan
231.98157405853271,nan,nan,nan,nan
232.48856711387634,nan,nan,nan,nan
232.995530128479,nan,nan,nan,nan
233.44507837295532,nan,nan,nan,nan
233.9521107673645,nan,nan,nan,nan
234.45798802375793,nan,nan,nan,nan
234.96500420570374,nan,nan,nan,nan
235.47196888923645,nan,nan,nan,nan
235.97892785072327,nan,nan,nan,nan
236.48590397834778,nan,nan,nan,nan
236.9929006099701,nan,nan,nan,nan
237.4998755455017,nan,nan,nan,nan
237.95050859451294,nan,nan,nan,nan
238.45639038085938,nan,nan,nan,nan
238.96229910850525,nan,nan,nan,nan
239.46930146217346,nan,nan,nan,nan
239.97628498077393,nan,nan,nan,nan
240.4836242198944,nan,nan,nan,nan
240.9890763759613,nan,nan,nan,nan
241.4962739944458,nan,nan,nan,nan
241.94862747192383,nan,nan,nan,nan
242.454669713974,nan,nan,nan,nan
242.9608907699585,nan,nan,nan,nan
243.4689314365387,nan,nan,nan,nan
243.97713327407837,nan,nan,nan,nan
244.4850754737854,nan,nan,nan,nan
244.98833298683167,nan,nan,nan,nan
245.49337601661682,nan,nan,nan,nan
245.9440941810608,nan,nan,nan,nan
246.45210075378418,nan,nan,nan,nan
246.95793080329895,nan,nan,nan,nan
247.46491050720215,nan,nan,nan,nan
247.97226405143738,nan,nan,nan,nan
248.4788534641266,nan,nan,nan,nan
248.98745465278625,nan,nan,nan,nan
249.49451994895935,nan,nan,nan,nan
249.94528031349182,nan,nan,nan,nan
250.45321917533875,nan,nan,nan,nan
250.960631608963,nan,nan,nan,nan
251.46629333496094,nan,nan,nan,nan
251.97054719924927,nan,nan,nan,nan
252.4774785041809,nan,nan,nan,nan
252.98459100723267,nan,nan,nan,nan
253.49083018302917,nan,nan,nan,nan
253.99763655662537,nan,nan,nan,nan
254.44867277145386,nan,nan,nan,nan
254.95236492156982,nan,nan,nan,nan
255.45843243598938,nan,nan,nan,nan
255.96562457084656,nan,nan,nan,nan
256.4726359844208,nan,nan,nan,nan
256.9796257019043,nan,nan,nan,nan
257.4854943752289,nan,nan,nan,nan
257.99139881134033,nan,nan,nan,nan
258.49725890159607,nan,nan,nan,nan
258.9478132724762,nan,nan,nan,nan
259.4547772407532,nan,nan,nan,nan
259.96058654785156,nan,nan,nan,nan
260.46760606765747,nan,nan,nan,nan
260.97352600097656,nan,nan,nan,nan
261.48042917251587,nan,nan,nan,nan
261.9874050617218,nan,nan,nan,nan
262.49440264701843,nan,nan,nan,nan
262.9439399242401,nan,nan,nan,nan
263.4509606361389,nan,nan,nan,nan
263.95793175697327,nan,nan,nan,nan
264.4649119377136,nan,nan,nan,nan
264.97088408470154,nan,nan,nan,nan
265.47785806655884,nan,nan,nan,nan
265.98488211631775,nan,nan,nan,nan
266.4918487071991,nan,nan,nan,nan
266.99885296821594,nan,nan,nan,nan
267.4496111869812,nan,nan,nan,nan
267.9554750919342,nan,nan,nan,nan
268.462509393692,nan,nan,nan,nan
268.9688501358032,nan,nan,nan,nan
269.47473978996277,nan,nan,nan,nan
269.98136377334595,nan,nan,nan,nan
270.4886472225189,nan,nan,nan,nan
270.99481534957886,nan,nan,nan,nan
271.4996953010559,nan,nan,nan,nan
271.95033502578735,nan,nan,nan,nan
272.4562830924988,nan,nan,nan,nan
272.9632625579834,nan,nan,nan,nan
273.47022581100464,nan,nan,nan,nan
273.97616481781006,nan,nan,nan,nan
274.4821267127991,nan,nan,nan,nan
274.9880063533783,nan,nan,nan,nan
275.4950029850006,nan,nan,nan,nan
275.9456596374512,nan,nan,nan,nan
276.45262479782104,nan,nan,nan,nan
276.9596264362335,nan,nan,nan,nan
277.4665949344635,nan,nan,nan,nan
277.9736216068268,nan,nan,nan,nan
278.4805769920349,nan,nan,nan,nan
278.987585067749,nan,nan,nan,nan
279.49457478523254,nan,nan,nan,nan
279.9452111721039,nan,nan,nan,nan
280.452228307724,nan,nan,nan,nan
280.9581050872803,nan,nan,nan,nan
281.4650378227234,nan,nan,nan,nan
281.97195267677307,nan,nan,nan,nan
282.47896361351013,nan,nan,nan,nan
282.98592615127563,nan,nan,nan,nan
283.4918041229248,nan,nan,nan,nan
283.99882769584656,nan,nan,nan,nan
284.4494752883911,nan,nan,nan,nan
284.95644974708557,nan,nan,nan,nan
285.46340894699097,nan,nan,nan,nan
285.9704728126526,nan,nan,nan,nan
286.4774820804596,nan,nan,nan,nan
286.98603987693787,nan,nan,nan,nan
287.4930646419525,nan,nan,nan,nan
287.9437584877014,nan,nan,nan,nan
288.4496784210205,nan,nan,nan,nan
288.9565577507019,nan,nan,nan,nan
289.4634940624237,nan,nan,nan,nan
289.9704523086548,nan,nan,nan,nan
290.4774169921875,nan,nan,nan,nan
290.9843759536743,nan,nan,nan,nan
291.4914572238922,nan,nan,nan,nan
291.9984724521637,nan,nan,nan,nan
292.44908475875854,nan,nan,nan,nan
292.9549524784088,nan,nan,nan,nan
293.46185874938965,nan,nan,nan,nan
293.96909642219543,nan,nan,nan,nan
294.47603845596313,nan,nan,nan,nan
294.9828984737396,nan,nan,nan,nan
295.489786863327,nan,nan,nan,nan
295.99559712409973,nan,nan,nan,nan
296.446218252182,nan,nan,nan,nan
296.9534468650818,nan,nan,nan,nan
297.46124291419983,nan,nan,nan,nan
297.96900701522827,nan,nan,nan,nan
298.4763832092285,nan,nan,nan,nan
298.9843683242798,nan,nan,nan,nan
299.49050998687744,nan,nan,nan,nan
299.9982690811157,nan,nan,nan,nan
300.44918966293335,nan,nan,nan,nan
300.95648860931396,nan,nan,nan,nan
301.463730096817,nan,nan,nan,nan
301.97080421447754,nan,nan,nan,nan
302.47790718078613,nan,nan,nan,nan
302.98504519462585,nan,nan,nan,nan
303.49214029312134,nan,nan,nan,nan
303.9448471069336,nan,nan,nan,nan
304.45157861709595,nan,nan,nan,nan
304.9593012332916,nan,nan,nan,nan
305.46661400794983,nan,nan,nan,nan
305.97555351257324,nan,nan,nan,nan
306.47897028923035,nan,nan,nan,nan
306.98853826522827,nan,nan,nan,nan
307.496160030365,nan,nan,nan,nan
307.9472403526306,nan,nan,nan,nan
308.4552364349365,nan,nan,nan,nan
308.96389150619507,nan,nan,nan,nan
309.46933794021606,nan,nan,nan,nan
309.98110008239746,nan,nan,nan,nan
310.4891149997711,nan,nan,nan,nan
310.99666714668274,nan,nan,nan,nan
311.4480676651001,nan,nan,nan,nan
311.9554171562195,nan,nan,nan,nan
312.4622848033905,nan,nan,nan,nan
312.9696545600891,nan,nan,nan,nan
313.4744553565979,nan,nan,nan,nan
313.9805841445923,nan,nan,nan,nan
314.48851585388184,nan,nan,nan,nan
314.99525809288025,nan,nan,nan,nan
315.4460506439209,nan,nan,nan,nan
315.9530897140503,nan,nan,nan,nan
316.45906591415405,nan,nan,nan,nan
316.9650273323059,nan,nan,nan,nan
317.47106671333313,nan,nan,nan,nan
317.9778974056244,nan,nan,nan,nan
318.48573303222656,nan,nan,nan,nan
318.9931421279907,nan,nan,nan,nan
319.4439013004303,nan,nan,nan,nan
319.95097947120667,nan,nan,nan,nan
320.45830178260803,nan,nan,nan,nan
320.9658522605896,nan,nan,nan,nan
321.4722526073456,nan,nan,nan,nan
321.9811234474182,nan,nan,nan,nan
322.48759865760803,nan,nan,nan,nan
322.9949836730957,nan,nan,nan,nan
323.445791721344,nan,nan,nan,nan
323.9530658721924,nan,nan,nan,nan
324.4602689743042,nan,nan,nan,nan
324.9674344062805,nan,nan,nan,nan
325.47422099113464,nan,nan,nan,nan
325.9814291000366,nan,nan,nan,nan
326.4894642829895,nan,nan,nan,nan
326.9966812133789,nan,nan,nan,nan
327.44689559936523,nan,nan,nan,nan
327.9554662704468,nan,nan,nan,nan
328.46270060539246,nan,nan,nan,nan
328.9701910018921,nan,nan,nan,nan
329.47354769706726,nan,nan,nan,nan
329.977819442749,nan,nan,nan,nan
330.4830548763275,nan,nan,nan,nan
330.98734402656555,nan,nan,nan,nan
331.4951858520508,nan,nan,nan,nan
331.9466128349304,nan,nan,nan,nan
332.4505343437195,nan,nan,nan,nan
332.95695662498474,nan,nan,nan,nan
333.4628920555115,nan,nan,nan,nan
333.96606636047363,nan,nan,nan,nan
334.47449684143066,nan,nan,nan,nan
334.98160552978516,nan,nan,nan,nan
335.48905634880066,nan,nan,nan,nan
335.994975566864,nan,nan,nan,nan
336.4462172985077,nan,nan,nan,nan
336.95054817199707,nan,nan,nan,nan
337.45792841911316,nan,nan,nan,nan
337.96444368362427,nan,nan,nan,nan
338.47435092926025,nan,nan,nan,nan
338.9776601791382,nan,nan,nan,nan
339.483261346817,nan,nan,nan,nan
339.9903521537781,nan,nan,nan,nan
340.4981038570404,nan,nan,nan,nan
340.9488286972046,nan,nan,nan,nan
341.4563059806824,nan,nan,nan,nan
341.96355414390564,nan,nan,nan,nan
342.4725618362427,nan,nan,nan,nan
342.9822096824646,nan,nan,nan,nan
343.4852318763733,nan,nan,nan,nan
343.9926130771637,nan,nan,nan,nan
344.4447023868561,nan,nan,nan,nan
344.9523594379425,nan,nan,nan,nan
345.4598186016083,nan,nan,nan,nan
345.9671652317047,nan,nan,nan,nan
346.4730472564697,nan,nan,nan,nan
346.9789800643921,nan,nan,nan,nan
347.48599433898926,nan,nan,nan,nan
347.99180459976196,nan,nan,nan,nan
348.4989364147186,nan,nan,nan,nan
348.94960379600525,nan,nan,nan,nan
349.45640444755554,nan,nan,nan,nan
349.95988392829895,nan,nan,nan,nan
350.4666111469269,nan,nan,nan,nan
350.9726140499115,nan,nan,nan,nan
351.4785258769989,nan,nan,nan,nan
351.9855155944824,nan,nan,nan,nan
352.4924256801605,nan,nan,nan,nan
352.99955797195435,nan,nan,nan,nan
353.45017528533936,nan,nan,nan,nan
353.95716190338135,nan,nan,nan,nan
354.464115858078,nan,nan,nan,nan
354.96996688842773,nan,nan,nan,nan
355.47489833831787,nan,nan,nan,nan
355.9818708896637,nan,nan,nan,nan
356.487909078598,nan,nan,nan,nan
356.99487471580505,nan,nan,nan,nan
357.4455280303955,nan,nan,nan,nan
357.95140290260315,nan,nan,nan,nan
358.4572513103485,nan,nan,nan,nan
358.96414852142334,nan,nan,nan,nan
359.4710793495178,nan,nan,nan,nan
359.97815203666687,nan,nan,nan,nan
360.4852542877197,nan,nan,nan,nan
360.99114632606506,nan,nan,nan,nan
361.49813532829285,nan,nan,nan,nan
361.95240688323975,nan,nan,nan,nan
362.4544196128845,nan,nan,nan,nan
362.96093487739563,nan,nan,nan,nan
363.4676682949066,nan,nan,nan,nan
363.9755847454071,nan,nan,nan,nan
364.485342502594,nan,nan,nan,nan
364.9926333427429,nan,nan,nan,nan
365.4444646835327,nan,nan,nan,nan
365.95251178741455,nan,nan,nan,nan
366.4602589607239,nan,nan,nan,nan
366.9666199684143,nan,nan,nan,nan
367.47378945350647,nan,nan,nan,nan
367.9813048839569,nan,nan,nan,nan
368.48895239830017,nan,nan,nan,nan
368.9971785545349,nan,nan,nan,nan
369.44861578941345,nan,nan,nan,nan
369.95380759239197,nan,nan,nan,nan
370.4614598751068,nan,nan,nan,nan
370.9689447879791,nan,nan,nan,nan
371.47627091407776,nan,nan,nan,nan
371.9838604927063,nan,nan,nan,nan
372.4920461177826,nan,nan,nan,nan
372.99811124801636,nan,nan,nan,nan
373.44972681999207,nan,nan,nan,nan
373.9566316604614,nan,nan,nan,nan
374.46310806274414,nan,nan,nan,nan
374.9705739021301,nan,nan,nan,nan
375.47787070274353,nan,nan,nan,nan
375.98462104797363,nan,nan,nan,nan
376.49029445648193,nan,nan,nan,nan
376.99787306785583,nan,nan,nan,nan
377.4485020637512,nan,nan,nan,nan
377.95533084869385,nan,nan,nan,nan
378.46244287490845,nan,nan,nan,nan
378.96960258483887,nan,nan,nan,nan
379.4768669605255,nan,nan,nan,nan
379.9832272529602,nan,nan,nan,nan
380.49002981185913,nan,nan,nan,nan
380.9976360797882,nan,nan,nan,nan
381.44809198379517,nan,nan,nan,nan
381.9559655189514,nan,nan,nan,nan
382.46408319473267,nan,nan,nan,nan
382.97157192230225,nan,nan,nan,nan
383.47874760627747,nan,nan,nan,nan
383.98667311668396,nan,nan,nan,nan
384.49451875686646,nan,nan,nan,nan
384.9462492465973,nan,nan,nan,nan
385.45289635658264,nan,nan,nan,nan
385.9604961872101,nan,nan,nan,nan
386.468599319458,nan,nan,nan,nan
386.9762499332428,nan,nan,nan,nan
387.4845094680786,nan,nan,nan,nan
387.99238657951355,nan,nan,nan,nan
388.44374108314514,nan,nan,nan,nan
388.95140838623047,nan,nan,nan,nan
389.45721769332886,nan,nan,nan,nan
389.9639275074005,nan,nan,nan,nan
390.46989917755127,nan,nan,nan,nan
390.9770259857178,nan,nan,nan,nan
391.48394870758057,nan,nan,nan,nan
391.99085211753845,nan,nan,nan,nan
392.4980161190033,nan,nan,nan,nan
392.94877433776855,nan,nan,nan,nan
393.45455503463745,nan,nan,nan,nan
393.95939016342163,nan,nan,nan,nan
394.4664888381958,nan,nan,nan,nan
394.97338819503784,nan,nan,nan,nan
395.48002648353577,nan,nan,nan,nan
395.98589420318604,nan,nan,nan,nan
396.4907295703888,nan,nan,nan,nan
396.9979009628296,nan,nan,nan,nan
397.44736337661743,nan,nan,nan,nan
397.9528992176056,nan,nan,nan,nan
398.45863676071167,nan,nan,nan,nan
398.96586656570435,nan,nan,nan,nan
399.4728515148163,nan,nan,nan,nan
399.97849917411804,nan,nan,nan,nan
400.4855809211731,nan,nan,nan,nan
400.9916534423828,nan,nan,nan,nan
401.4986021518707,nan,nan,nan,nan
401.94905495643616,nan,nan,nan,nan
402.45653200149536,nan,nan,nan,nan
402.9636194705963,nan,nan,nan,nan
403.47066473960876,nan,nan,nan,nan
403.97779154777527,nan,nan,nan,nan
404.48397755622864,nan,nan,nan,nan
404.9909245967865,nan,nan,nan,nan
405.49778294563293,nan,nan,nan,nan
405.9481551647186,nan,nan,nan,nan
406.4551682472229,nan,nan,nan,nan
406.9618408679962,nan,nan,nan,nan
407.4686155319214,nan,nan,nan,nan
407.97673988342285,nan,nan,nan,nan
408.4841556549072,nan,nan,nan,nan
408.99173069000244,nan,nan,nan,nan
409.44549441337585,nan,nan,nan,nan
409.95171070098877,nan,nan,nan,nan
410.45941042900085,nan,nan,nan,nan
410.9657506942749,nan,nan,nan,nan
411.4739990234375,nan,nan,nan,nan
411.980863571167,nan,nan,nan,nan
412.4886882305145,nan,nan,nan,nan
412.9967758655548,nan,nan,nan,nan
413.4482800960541,nan,nan,nan,nan
413.9560842514038,nan,nan,nan,nan
414.46628999710083,nan,nan,nan,nan
414.97871470451355,nan,nan,nan,nan
415.48662281036377,nan,nan,nan,nan
415.9947488307953,nan,nan,nan,nan
416.44613313674927,nan,nan,nan,nan
416.954003572464,nan,nan,nan,nan
417.4621434211731,nan,nan,nan,nan
417.9698462486267,nan,nan,nan,nan
418.4774749279022,nan,nan,nan,nan
418.98552203178406,nan,nan,nan,nan
419.4938733577728,nan,nan,nan,nan
419.94421911239624,nan,nan,nan,nan
420.45152282714844,nan,nan,nan,nan
420.9584515094757,nan,nan,nan,nan
421.4667658805847,nan,nan,nan,nan
421.97396969795227,nan,nan,nan,nan
422.4813723564148,nan,nan,nan,nan
422.9874393939972,nan,nan,nan,nan
423.4941420555115,nan,nan,nan,nan
423.9450900554657,nan,nan,nan,nan
424.4523129463196,nan,nan,nan,nan
424.9575798511505,nan,nan,nan,nan
425.4651548862457,nan,nan,nan,nan
425.97308707237244,nan,nan,nan,nan
426.48072814941406,nan,nan,nan,nan
426.9882743358612,nan,nan,nan,nan
427.49624967575073,nan,nan,nan,nan
427.94729256629944,nan,nan,nan,nan
428.4548237323761,nan,nan,nan,nan
428.96287631988525,nan,nan,nan,nan
429.4704895019531,nan,nan,nan,nan
429.9754331111908,nan,nan,nan,nan
430.4821593761444,nan,nan,nan,nan
430.9880805015564,nan,nan,nan,nan
431.4955322742462,nan,nan,nan,nan
431.9471197128296,nan,nan,nan,nan
432.45522594451904,nan,nan,nan,nan
432.96280312538147,nan,nan,nan,nan
433.47195172309875,nan,nan,nan,nan
433.97937631607056,nan,nan,nan,nan
434.4857876300812,nan,nan,nan,nan
434.9934058189392,nan,nan,nan,nan
435.44548535346985,nan,nan,nan,nan
435.95358514785767,nan,nan,nan,nan
436.4608795642853,nan,nan,nan,nan
436.9687831401825,nan,nan,nan,nan
437.4823172092438,nan,nan,nan,nan
437.99036383628845,nan,nan,nan,nan
438.4999620914459,nan,nan,nan,nan
438.9509108066559,nan,nan,nan,nan
439.45637369155884,nan,nan,nan,nan
439.96205163002014,nan,nan,nan,nan
440.47148537635803,nan,nan,nan,nan
440.97760462760925,nan,nan,nan,nan
441.48310947418213,nan,nan,nan,nan
441.98643016815186,nan,nan,nan,nan
442.49084091186523,nan,nan,nan,nan
442.99550318717957,nan,nan,nan,nan
443.4484622478485,nan,nan,nan,nan
443.95559096336365,nan,nan,nan,nan
444.4601860046387,nan,nan,nan,nan
444.9668231010437,nan,nan,nan,nan
445.4766848087311,nan,nan,nan,nan
445.9855649471283,nan,nan,nan,nan
446.4945740699768,nan,nan,nan,nan
446.94448590278625,nan,nan,nan,nan
447.4534945487976,nan,nan,nan,nan
447.9614887237549,nan,nan,nan,nan
448.4691503047943,nan,nan,nan,nan
448.97834300994873,nan,nan,nan,nan
449.48483514785767,nan,nan,nan,nan
449.99097323417664,nan,nan,nan,nan
450.4438626766205,nan,nan,nan,nan
450.95513248443604,nan,nan,nan,nan
451.4664936065674,nan,nan,nan,nan
451.9747087955475,nan,nan,nan,nan
452.4824800491333,nan,nan,nan,nan
452.98935055732727,nan,nan,nan,nan
453.49990367889404,nan,nan,nan,nan
453.9512324333191,nan,nan,nan,nan
454.46153926849365,nan,nan,nan,nan
454.9704842567444,nan,nan,nan,nan
455.47994589805603,nan,nan,nan,nan
455.9884831905365,nan,nan,nan,nan
456.49595880508423,nan,nan,nan,nan
456.9493246078491,nan,nan,nan,nan
457.4572720527649,nan,nan,nan,nan
457.96464705467224,nan,nan,nan,nan
458.4705469608307,nan,nan,nan,nan
458.98091292381287,nan,nan,nan,nan
459.4894998073578,nan,nan,nan,nan
459.9989800453186,nan,nan,nan,nan
460.45104694366455,nan,nan,nan,nan
460.9607093334198,nan,nan,nan,nan
461.47022008895874,nan,nan,nan,nan
461.9789459705353,nan,nan,nan,nan
462.48809909820557,nan,nan,nan,nan
462.99205780029297,nan,nan,nan,nan
463.4958727359772,nan,nan,nan,nan
463.9484121799469,nan,nan,nan,nan
464.4583148956299,nan,nan,nan,nan
464.965856552124,nan,nan,nan,nan
465.4733889102936,nan,nan,nan,nan
465.9814774990082,nan,nan,nan,nan
466.4925448894501,nan,nan,nan,nan
466.94542932510376,nan,nan,nan,nan
467.4575629234314,nan,nan,nan,nan
467.9681475162506,nan,nan,nan,nan
468.47071266174316,nan,nan,nan,nan
468.97500920295715,nan,nan,nan,nan
469.48109245300293,nan,nan,nan,nan
469.9883840084076,nan,nan,nan,nan
470.49529361724854,nan,nan,nan,nan
470.9458155632019,nan,nan,nan,nan
471.4508364200592,nan,nan,nan,nan
471.95740604400635,nan,nan,nan,nan
472.4654715061188,nan,nan,nan,nan
472.9745569229126,nan,nan,nan,nan
473.47848773002625,nan,nan,nan,nan
473.98619294166565,nan,nan,nan,nan
474.4938507080078,nan,nan,nan,nan
474.9452726840973,nan,nan,nan,nan
475.4519181251526,nan,nan,nan,nan
475.9587709903717,nan,nan,nan,nan
476.4664237499237,nan,nan,nan,nan
476.9722671508789,nan,nan,nan,nan
477.47986125946045,nan,nan,nan,nan
477.98672318458557,nan,nan,nan,nan
478.4933030605316,nan,nan,nan,nan
478.9453465938568,nan,nan,nan,nan
479.4527132511139,nan,nan,nan,nan
479.95980620384216,nan,nan,nan,nan
480.46452832221985,nan,nan,nan,nan
480.969331741333,nan,nan,nan,nan
481.4743218421936,nan,nan,nan,nan
481.9802722930908,nan,nan,nan,nan
482.48451113700867,nan,nan,nan,nan
482.9924650192261,nan,nan,nan,nan
483.4441087245941,nan,nan,nan,nan
483.9506103992462,nan,nan,nan,nan
484.45626497268677,nan,nan,nan,nan
484.9638638496399,nan,nan,nan,nan
485.4690980911255,nan,nan,nan,nan
485.97514295578003,nan,nan,nan,nan
486.4794616699219,nan,nan,nan,nan
486.98410987854004,nan,nan,nan,nan
487.4920885562897,nan,nan,nan,nan
487.9989950656891,nan,nan,nan,nan
488.44948291778564,nan,nan,nan,nan
488.95514941215515,nan,nan,nan,nan
489.46073269844055,nan,nan,nan,nan
489.96331238746643,nan,nan,nan,nan
490.4687809944153,nan,nan,nan,nan
490.9763252735138,nan,nan,nan,nan
491.48349046707153,nan,nan,nan,nan
491.9916706085205,nan,nan,nan,nan
492.49503993988037,nan,nan,nan,nan
492.9459264278412,nan,nan,nan,nan
493.4520127773285,nan,nan,nan,nan
493.9600291252136,nan,nan,nan,nan
494.46708250045776,nan,nan,nan,nan
494.9732747077942,nan,nan,nan,nan
495.48107862472534,nan,nan,nan,nan
495.98905396461487,nan,nan,nan,nan
496.4965715408325,nan,nan,nan,nan
496.9469153881073,nan,nan,nan,nan
497.453111410141,nan,nan,nan,nan
497.95984983444214,nan,nan,nan,nan
498.4665801525116,nan,nan,nan,nan
498.9733564853668,nan,nan,nan,nan
499.4800052642822,nan,nan,nan,nan
499.98341608047485,nan,nan,nan,nan
500.490359544754,nan,nan,nan,nan
500.9944806098938,nan,nan,nan,nan
501.4448273181915,nan,nan,nan,nan
501.9505934715271,nan,nan,nan,nan
502.4571421146393,nan,nan,nan,nan
502.96396493911743,nan,nan,nan,nan
503.47138690948486,nan,nan,nan,nan
503.97936606407166,nan,nan,nan,nan
504.48549485206604,nan,nan,nan,nan
504.9908480644226,nan,nan,nan,nan
505.4988558292389,nan,nan,nan,nan
505.95009899139404,nan,nan,nan,nan
506.4583020210266,nan,nan,nan,nan
506.9616770744324,nan,nan,nan,nan
507.46765995025635,nan,nan,nan,nan
507.9746437072754,nan,nan,nan,nan
508.482191324234,nan,nan,nan,nan
508.9909088611603,nan,nan,nan,nan
509.49716901779175,nan,nan,nan,nan
509.94787764549255,nan,nan,nan,nan
510.45452547073364,nan,nan,nan,nan
510.9615457057953,nan,nan,nan,nan
511.46912813186646,nan,nan,nan,nan
511.97639560699463,nan,nan,nan,nan
512.483544588089,nan,nan,nan,nan
512.9907174110413,nan,nan,nan,nan
513.497633934021,nan,nan,nan,nan
513.9479331970215,nan,nan,nan,nan
514.4539730548859,nan,nan,nan,nan
514.9615559577942,nan,nan,nan,nan
515.4688351154327,nan,nan,nan,nan
515.9755547046661,nan,nan,nan,nan
516.4822835922241,nan,nan,nan,nan
516.9903922080994,nan,nan,nan,nan
517.4979145526886,nan,nan,nan,nan
517.9495906829834,nan,nan,nan,nan
518.4545288085938,nan,nan,nan,nan
518.9623899459839,nan,nan,nan,nan
519.4703583717346,nan,nan,nan,nan
519.9786040782928,nan,nan,nan,nan
520.4828073978424,nan,nan,nan,nan
520.9893486499786,nan,nan,nan,nan
521.4986021518707,nan,nan,nan,nan
521.9488921165466,nan,nan,nan,nan
522.4567189216614,nan,nan,nan,nan
522.9649863243103,nan,nan,nan,nan
523.4731087684631,nan,nan,nan,nan
523.9797413349152,nan,nan,nan,nan
524.4838967323303,nan,nan,nan,nan
524.9903607368469,nan,nan,nan,nan
525.4968445301056,nan,nan,nan,nan
525.9491608142853,nan,nan,nan,nan
526.4561927318573,nan,nan,nan,nan
526.9620730876923,nan,nan,nan,nan
527.469185590744,nan,nan,nan,nan
527.9768426418304,nan,nan,nan,nan
528.4827070236206,nan,nan,nan,nan
528.986762046814,nan,nan,nan,nan
529.4938242435455,nan,nan,nan,nan
529.9457023143768,nan,nan,nan,nan
530.4533514976501,nan,nan,nan,nan
530.96204662323,nan,nan,nan,nan
531.4711637496948,nan,nan,nan,nan
531.9802117347717,nan,nan,nan,nan
532.4874002933502,nan,nan,nan,nan
532.9964773654938,nan,nan,nan,nan
533.448219537735,nan,nan,nan,nan
533.9558982849121,nan,nan,nan,nan
534.4659144878387,nan,nan,nan,nan
534.9697623252869,nan,nan,nan,nan
535.4759831428528,nan,nan,nan,nan
535.9861116409302,nan,nan,nan,nan
536.4920463562012,nan,nan,nan,nan
536.9969310760498,nan,nan,nan,nan
537.44677734375,nan,nan,nan,nan
537.9513595104218,nan,nan,nan,nan
538.4607865810394,nan,nan,nan,nan
538.9677186012268,nan,nan,nan,nan
539.4747276306152,nan,nan,nan,nan
539.9824142456055,nan,nan,nan,nan
540.4888889789581,nan,nan,nan,nan
540.9956941604614,nan,nan,nan,nan
541.4462058544159,nan,nan,nan,nan
541.9528067111969,nan,nan,nan,nan
542.4603922367096,nan,nan,nan,nan
542.9689719676971,nan,nan,nan,nan
543.4763193130493,nan,nan,nan,nan
543.9810860157013,nan,nan,nan,nan
544.4868383407593,nan,nan,nan,nan
544.9961881637573,nan,nan,nan,nan
545.4470355510712,nan,nan,nan,nan
545.9510433673859,nan,nan,nan,nan
546.4618277549744,nan,nan,nan,nan
546.9659643173218,nan,nan,nan,nan
547.4720706939697,nan,nan,nan,nan
547.978776216507,nan,nan,nan,nan
548.4868106842041,nan,nan,nan,nan
548.9945738315582,nan,nan,nan,nan
549.4454076290131,nan,nan,nan,nan
549.9534511566162,nan,nan,nan,nan
550.4613955020905,nan,nan,nan,nan
550.9700248241425,nan,nan,nan,nan
551.4785113334656,nan,nan,nan,nan
551.9848084449768,nan,nan,nan,nan
552.4865357875824,nan,nan,nan,nan
552.9940874576569,nan,nan,nan,nan
553.4451839923859,nan,nan,nan,nan
553.9525413513184,nan,nan,nan,nan
554.4597017765045,nan,nan,nan,nan
554.967029094696,nan,nan,nan,nan
555.4739725589752,nan,nan,nan,nan
555.9800946712494,nan,nan,nan,nan
556.4868471622467,nan,nan,nan,nan
556.9946458339691,nan,nan,nan,nan
557.4457159042358,nan,nan,nan,nan
557.9538905620575,nan,nan,nan,nan
558.4615263938904,nan,nan,nan,nan
558.9663984775543,nan,nan,nan,nan
559.4739038944244,nan,nan,nan,nan
559.9802911281586,nan,nan,nan,nan
560.488162279129,nan,nan,nan,nan
560.9923312664032,nan,nan,nan,nan
561.4991137981415,nan,nan,nan,nan
561.9458858966827,nan,nan,nan,nan
562.4523642063141,nan,nan,nan,nan
562.9606819152832,nan,nan,nan,nan
563.470148563385,nan,nan,nan,nan
563.9781754016876,nan,nan,nan,nan
564.4856469631195,nan,nan,nan,nan
564.9928109645844,nan,nan,nan,nan
565.4983832836151,nan,nan,nan,nan
565.9530351161957,nan,nan,nan,nan
566.4591789245605,nan,nan,nan,nan
566.9698784351349,nan,nan,nan,nan
567.4769916534424,nan,nan,nan,nan
567.9841771125793,nan,nan,nan,nan
568.4924855232239,nan,nan,nan,nan
568.9982786178589,nan,nan,nan,nan
569.4481036663055,nan,nan,nan,nan
569.956521987915,nan,nan,nan,nan
570.4640381336212,nan,nan,nan,nan
570.9711055755615,nan,nan,nan,nan
571.4853522777557,nan,nan,nan,nan
571.9914071559906,nan,nan,nan,nan
572.495409488678,nan,nan,nan,nan
572.9466848373413,nan,nan,nan,nan
573.4544219970703,nan,nan,nan,nan
573.9621319770813,nan,nan,nan,nan
574.4696102142334,nan,nan,nan,nan
574.977032661438,nan,nan,nan,nan
575.4838421344757,nan,nan,nan,nan
575.9916486740112,nan,nan,nan,nan
576.498336315155,nan,nan,nan,nan
576.9502682685852,nan,nan,nan,nan
577.4577860832214,nan,nan,nan,nan
577.9640593528748,nan,nan,nan,nan
578.4702582359314,nan,nan,nan,nan
